memory_initialization_radix=2;
memory_initialization_vector=
01000000000010000000000000011000,
01000000000001000000000000000101,
01000000000100000000000000000101,
01000000000011000000000000000000,
01101000110011000000000000000001,
01101000100010000000000000000001,
00000000110010001100000000000101,
10000100110000000000000000000011,
00000000110001001100000000000001,
01000000100010000000000000000001,
10000000000000000000000000000001,
00000000110001001100000000000000,
01000101000100000000000000000001,
10001101000000000000000000000001,
10000011111111111111111111110101,
10000100110000000000000000000001,
10000000000000000000000000000001,
00000000110001001100000000000000,
11010000000000000000000000000000;
