memory_initialization_radix=2;
memory_initialization_vector=
01000000000001000000000000000000,
01000000000010000000000000001010,
01000000010011000000000000000100,
01000000010100000000000000000000,
10010000110101000000000000000000,
10010001000110000000000000000000,
00000001010110011100000000001000,
10001101110000000000000000000001,
10000000000000000000000000000100,
10100001000110000000000000000100,
01000101000100000000000000000100,
00000000010100011100000000001000,
10001101110000111111111111111000,
10100001000101000000000000000100,
01000000110011000000000000000100,
01000100100010000000000000000001,
10001100100000111111111111110010,
11010000000000000000000000000000;
